+-----------------------------------------------------------------------------------------------------------------------------------------------------------------------------------------------------------------+
; Legal Partition Candidates                                                                                                                                                                                      ;
+------------+-------+----------------+--------------+----------------+--------+-----------------+---------------+-----------------+-------+----------------+--------------+------------------+-------------------+
; Hierarchy  ; Input ; Constant Input ; Unused Input ; Floating Input ; Output ; Constant Output ; Unused Output ; Floating Output ; Bidir ; Constant Bidir ; Unused Bidir ; Input only Bidir ; Output only Bidir ;
+------------+-------+----------------+--------------+----------------+--------+-----------------+---------------+-----------------+-------+----------------+--------------+------------------+-------------------+
; b20|t      ; 2     ; 0              ; 0            ; 0              ; 1      ; 0               ; 0             ; 0               ; 0     ; 0              ; 0            ; 0                ; 0                 ;
; b20        ; 65    ; 20             ; 0            ; 20             ; 8      ; 20              ; 20            ; 20              ; 0     ; 0              ; 0            ; 0                ; 0                 ;
; b19|t      ; 2     ; 0              ; 0            ; 0              ; 1      ; 0               ; 0             ; 0               ; 0     ; 0              ; 0            ; 0                ; 0                 ;
; b19        ; 65    ; 20             ; 0            ; 20             ; 8      ; 20              ; 20            ; 20              ; 0     ; 0              ; 0            ; 0                ; 0                 ;
; b18|t      ; 2     ; 0              ; 0            ; 0              ; 1      ; 0               ; 0             ; 0               ; 0     ; 0              ; 0            ; 0                ; 0                 ;
; b18        ; 65    ; 20             ; 0            ; 20             ; 8      ; 20              ; 20            ; 20              ; 0     ; 0              ; 0            ; 0                ; 0                 ;
; b17|t      ; 2     ; 0              ; 0            ; 0              ; 1      ; 0               ; 0             ; 0               ; 0     ; 0              ; 0            ; 0                ; 0                 ;
; b17        ; 65    ; 20             ; 0            ; 20             ; 8      ; 20              ; 20            ; 20              ; 0     ; 0              ; 0            ; 0                ; 0                 ;
; b16|t      ; 2     ; 0              ; 0            ; 0              ; 1      ; 0               ; 0             ; 0               ; 0     ; 0              ; 0            ; 0                ; 0                 ;
; b16        ; 65    ; 20             ; 0            ; 20             ; 8      ; 20              ; 20            ; 20              ; 0     ; 0              ; 0            ; 0                ; 0                 ;
; b15|t      ; 2     ; 0              ; 0            ; 0              ; 1      ; 0               ; 0             ; 0               ; 0     ; 0              ; 0            ; 0                ; 0                 ;
; b15        ; 65    ; 20             ; 0            ; 20             ; 8      ; 20              ; 20            ; 20              ; 0     ; 0              ; 0            ; 0                ; 0                 ;
; b14|t      ; 2     ; 0              ; 0            ; 0              ; 1      ; 0               ; 0             ; 0               ; 0     ; 0              ; 0            ; 0                ; 0                 ;
; b14        ; 65    ; 20             ; 0            ; 20             ; 8      ; 20              ; 20            ; 20              ; 0     ; 0              ; 0            ; 0                ; 0                 ;
; b13|t      ; 2     ; 0              ; 0            ; 0              ; 1      ; 0               ; 0             ; 0               ; 0     ; 0              ; 0            ; 0                ; 0                 ;
; b13        ; 65    ; 20             ; 0            ; 20             ; 8      ; 20              ; 20            ; 20              ; 0     ; 0              ; 0            ; 0                ; 0                 ;
; b12|t      ; 2     ; 0              ; 0            ; 0              ; 1      ; 0               ; 0             ; 0               ; 0     ; 0              ; 0            ; 0                ; 0                 ;
; b12        ; 65    ; 20             ; 0            ; 20             ; 8      ; 20              ; 20            ; 20              ; 0     ; 0              ; 0            ; 0                ; 0                 ;
; b11|t      ; 2     ; 0              ; 0            ; 0              ; 1      ; 0               ; 0             ; 0               ; 0     ; 0              ; 0            ; 0                ; 0                 ;
; b11        ; 65    ; 20             ; 0            ; 20             ; 8      ; 20              ; 20            ; 20              ; 0     ; 0              ; 0            ; 0                ; 0                 ;
; b10|t      ; 2     ; 0              ; 0            ; 0              ; 1      ; 0               ; 0             ; 0               ; 0     ; 0              ; 0            ; 0                ; 0                 ;
; b10        ; 65    ; 20             ; 0            ; 20             ; 8      ; 20              ; 20            ; 20              ; 0     ; 0              ; 0            ; 0                ; 0                 ;
; b9|t       ; 2     ; 0              ; 0            ; 0              ; 1      ; 0               ; 0             ; 0               ; 0     ; 0              ; 0            ; 0                ; 0                 ;
; b9         ; 65    ; 20             ; 0            ; 20             ; 8      ; 20              ; 20            ; 20              ; 0     ; 0              ; 0            ; 0                ; 0                 ;
; b8|t       ; 2     ; 0              ; 0            ; 0              ; 1      ; 0               ; 0             ; 0               ; 0     ; 0              ; 0            ; 0                ; 0                 ;
; b8         ; 65    ; 20             ; 0            ; 20             ; 8      ; 20              ; 20            ; 20              ; 0     ; 0              ; 0            ; 0                ; 0                 ;
; b7|t       ; 2     ; 0              ; 0            ; 0              ; 1      ; 0               ; 0             ; 0               ; 0     ; 0              ; 0            ; 0                ; 0                 ;
; b7         ; 65    ; 20             ; 0            ; 20             ; 8      ; 20              ; 20            ; 20              ; 0     ; 0              ; 0            ; 0                ; 0                 ;
; b6|t       ; 2     ; 0              ; 0            ; 0              ; 1      ; 0               ; 0             ; 0               ; 0     ; 0              ; 0            ; 0                ; 0                 ;
; b6         ; 65    ; 20             ; 0            ; 20             ; 8      ; 20              ; 20            ; 20              ; 0     ; 0              ; 0            ; 0                ; 0                 ;
; b5|t       ; 2     ; 0              ; 0            ; 0              ; 1      ; 0               ; 0             ; 0               ; 0     ; 0              ; 0            ; 0                ; 0                 ;
; b5         ; 65    ; 20             ; 0            ; 20             ; 8      ; 20              ; 20            ; 20              ; 0     ; 0              ; 0            ; 0                ; 0                 ;
; b4|t       ; 2     ; 0              ; 0            ; 0              ; 1      ; 0               ; 0             ; 0               ; 0     ; 0              ; 0            ; 0                ; 0                 ;
; b4         ; 65    ; 20             ; 0            ; 20             ; 8      ; 20              ; 20            ; 20              ; 0     ; 0              ; 0            ; 0                ; 0                 ;
; b3|t       ; 2     ; 0              ; 0            ; 0              ; 1      ; 0               ; 0             ; 0               ; 0     ; 0              ; 0            ; 0                ; 0                 ;
; b3         ; 65    ; 20             ; 0            ; 20             ; 8      ; 20              ; 20            ; 20              ; 0     ; 0              ; 0            ; 0                ; 0                 ;
; b2|t       ; 2     ; 0              ; 0            ; 0              ; 1      ; 0               ; 0             ; 0               ; 0     ; 0              ; 0            ; 0                ; 0                 ;
; b2         ; 65    ; 20             ; 0            ; 20             ; 8      ; 20              ; 20            ; 20              ; 0     ; 0              ; 0            ; 0                ; 0                 ;
; b1|t       ; 2     ; 0              ; 0            ; 0              ; 1      ; 0               ; 0             ; 0               ; 0     ; 0              ; 0            ; 0                ; 0                 ;
; b1         ; 65    ; 20             ; 0            ; 20             ; 8      ; 20              ; 20            ; 20              ; 0     ; 0              ; 0            ; 0                ; 0                 ;
; ball|t     ; 2     ; 0              ; 0            ; 0              ; 1      ; 0               ; 0             ; 0               ; 0     ; 0              ; 0            ; 0                ; 0                 ;
; ball       ; 49    ; 0              ; 10           ; 0              ; 23     ; 0               ; 0             ; 0               ; 0     ; 0              ; 0            ; 0                ; 0                 ;
; bar|t      ; 2     ; 0              ; 0            ; 0              ; 1      ; 0               ; 0             ; 0               ; 0     ; 0              ; 0            ; 0                ; 0                 ;
; bar        ; 24    ; 0              ; 0            ; 0              ; 21     ; 0               ; 0             ; 0               ; 0     ; 0              ; 0            ; 0                ; 0                 ;
; v          ; 2     ; 1              ; 0            ; 1              ; 25     ; 1               ; 1             ; 1               ; 0     ; 0              ; 0            ; 0                ; 0                 ;
; p|b        ; 3     ; 0              ; 0            ; 0              ; 1      ; 0               ; 0             ; 0               ; 0     ; 0              ; 0            ; 0                ; 0                 ;
; p|c1_score ; 4     ; 0              ; 0            ; 0              ; 7      ; 0               ; 0             ; 0               ; 0     ; 0              ; 0            ; 0                ; 0                 ;
; p|c0_score ; 4     ; 0              ; 0            ; 0              ; 7      ; 0               ; 0             ; 0               ; 0     ; 0              ; 0            ; 0                ; 0                 ;
; p|c1_vidas ; 4     ; 0              ; 0            ; 0              ; 7      ; 0               ; 0             ; 0               ; 0     ; 0              ; 0            ; 0                ; 0                 ;
; p|c0_vidas ; 4     ; 0              ; 0            ; 0              ; 7      ; 0               ; 0             ; 0               ; 0     ; 0              ; 0            ; 0                ; 0                 ;
; p|b2       ; 9     ; 1              ; 0            ; 1              ; 11     ; 1               ; 1             ; 1               ; 0     ; 0              ; 0            ; 0                ; 0                 ;
; p|b1       ; 9     ; 1              ; 0            ; 1              ; 11     ; 1               ; 1             ; 1               ; 0     ; 0              ; 0            ; 0                ; 0                 ;
; p          ; 6     ; 0              ; 0            ; 0              ; 46     ; 0               ; 0             ; 0               ; 0     ; 0              ; 0            ; 0                ; 0                 ;
; go         ; 22    ; 0              ; 0            ; 0              ; 24     ; 0               ; 0             ; 0               ; 0     ; 0              ; 0            ; 0                ; 0                 ;
+------------+-------+----------------+--------------+----------------+--------+-----------------+---------------+-----------------+-------+----------------+--------------+------------------+-------------------+
